[gd_scene format=3 uid="uid://bilcjud6l2iec"]

[ext_resource type="PackedScene" uid="uid://c5dh0vxqdur1v" path="res://Scenes/player.tscn" id="1_84tyg"]
[ext_resource type="ArrayOccluder3D" uid="uid://vonrt6el27bj" path="res://Mods/True FNaF/Mod Directory/Maps/Welcome Show/Welcome Show.occ" id="2_groir"]
[ext_resource type="PackedScene" uid="uid://dnrdesa7augsy" path="res://Mods/True FNaF/Custom Assets/Models/Maps/Welcome Show.glb" id="3_k1maa"]
[ext_resource type="PackedScene" uid="uid://cdcyekvvr0d5h" path="res://Mods/True FNaF/Mod Directory/Animatables/Juggling Duck.tscn" id="4_k1maa"]
[ext_resource type="Script" uid="uid://c5uawj66escut" path="res://Scripts/Animatables/GL_Spotlight.gd" id="4_prrm5"]
[ext_resource type="PackedScene" uid="uid://derp5d4vnpqqy" path="res://Mods/True FNaF/Mod Directory/Animatables/Birthday Puppy.tscn" id="5_ou855"]
[ext_resource type="PackedScene" uid="uid://bc8jbkccmt3mk" path="res://Mods/True FNaF/Mod Directory/Animatables/Ringmaster Base.tscn" id="6_6f5je"]
[ext_resource type="PackedScene" uid="uid://budn8j6njgqgq" path="res://Mods/True FNaF/Mod Directory/Animatables/Mr Helpful.tscn" id="7_qdg1u"]
[ext_resource type="PackedScene" uid="uid://bn1b0mbbj71vn" path="res://Mods/True FNaF/Mod Directory/Animatables/Mr Helpful Alt.tscn" id="8_1v7pc"]
[ext_resource type="PackedScene" uid="uid://cngsa0r1unggw" path="res://Mods/True FNaF/Mod Directory/Animatables/Ringmaster Base Alt.tscn" id="8_7ks7s"]
[ext_resource type="PackedScene" uid="uid://dyhynoyx5qmvk" path="res://Mods/True FNaF/Mod Directory/Animatables/Mrs Helpful.tscn" id="11_7ks7s"]
[ext_resource type="PackedScene" uid="uid://cjrr3dhrx7gkm" path="res://Mods/True FNaF/Mod Directory/Animatables/Mrs Helpful Alt.tscn" id="11_xrl45"]

[sub_resource type="Environment" id="Environment_groir"]
background_mode = 2
background_color = Color(0.3782, 0.47895, 0.62, 1)
background_energy_multiplier = 1.5
sky_rotation = Vector3(0, -1.07338, 0)
ambient_light_source = 1
reflected_light_source = 1
tonemap_mode = 4
tonemap_agx_contrast = 1.0
ssr_enabled = true
ssil_enabled = true
glow_enabled = true
fog_mode = 1
fog_light_color = Color(1, 1, 1, 1)
fog_density = 1.0
fog_sky_affect = 0.0
volumetric_fog_density = 0.01
volumetric_fog_detail_spread = 1.0
volumetric_fog_sky_affect = 0.0
adjustment_enabled = true
adjustment_contrast = 1.1
adjustment_saturation = 1.3

[sub_resource type="WorldBoundaryShape3D" id="WorldBoundaryShape3D_stiks"]

[sub_resource type="BoxShape3D" id="BoxShape3D_ou855"]
size = Vector3(19.23938, 0.22232437, 3.1635132)

[sub_resource type="BoxShape3D" id="BoxShape3D_qdg1u"]
size = Vector3(21.514175, 0.19498539, 1.9289398)

[sub_resource type="BoxShape3D" id="BoxShape3D_1v7pc"]
size = Vector3(21.514175, 0.19498539, 1.9289398)

[sub_resource type="BoxShape3D" id="BoxShape3D_cjgw4"]
size = Vector3(1.9357319, 0.19498539, 7.9221487)

[sub_resource type="BoxShape3D" id="BoxShape3D_6f5je"]
size = Vector3(1.9357319, 0.19498539, 1.7022853)

[sub_resource type="BoxShape3D" id="BoxShape3D_7ks7s"]
size = Vector3(3.4768906, 0.3644812, 8.009417)

[node name="Welcome Show" type="Node3D" unique_id=2086066372]

[node name="Player" parent="." unique_id=912065313 instance=ExtResource("1_84tyg")]
transform = Transform3D(1, 0, 0, 0, 1, 0, 0, 0, 1, 0, 0.449, 0)
flashlightType = 1

[node name="Map" type="Node" parent="." unique_id=150341188]

[node name="WorldEnvironment" type="WorldEnvironment" parent="Map" unique_id=45817815]
environment = SubResource("Environment_groir")

[node name="OccluderInstance3D" type="OccluderInstance3D" parent="Map" unique_id=466442026]
visible = false
occluder = ExtResource("2_groir")
bake_mask = 4294967289
bake_simplification_distance = 0.25

[node name="World Boundary" type="StaticBody3D" parent="Map" unique_id=1654655482]

[node name="CollisionShape3D" type="CollisionShape3D" parent="Map/World Boundary" unique_id=1755227430]
shape = SubResource("WorldBoundaryShape3D_stiks")

[node name="Animatables" type="Node" parent="Map" unique_id=991753060]

[node name="Juggling Duck" parent="Map/Animatables" unique_id=233530727 instance=ExtResource("4_k1maa")]
transform = Transform3D(0.60042024, 0, -0.79968464, 0, 1, 0, 0.79968464, 0, 0.60042024, 7.350401, 3.4910758, -5.411556)

[node name="Birthday Puppy" parent="Map/Animatables" unique_id=839363954 instance=ExtResource("5_ou855")]
transform = Transform3D(-0.6089553, 0, 0.79320455, 0, 1, 0, -0.79320455, 0, -0.6089553, -7.1620235, 1.9158788, 4.607229)

[node name="Mr Helpful" parent="Map/Animatables" unique_id=1054742576 instance=ExtResource("7_qdg1u")]
transform = Transform3D(1, 0, 0, 0, 1, 0, 0, 0, 1, -0.66971225, 1.8965249, -10.723003)

[node name="Mrs Helpful" parent="Map/Animatables" unique_id=1246275726 instance=ExtResource("11_7ks7s")]
transform = Transform3D(0.8161376, 0.53192073, 0.22578692, 0, 0.39073107, -0.92050487, -0.5778576, 0.7512587, 0.31889033, -7.873198, 3.5225246, -10.425881)

[node name="Ringmaster Base" parent="Map/Animatables" unique_id=810956668 instance=ExtResource("6_6f5je")]
transform = Transform3D(1, 0, 0, 0, 1, 0, 0, 0, 1, -0.66971225, 1.8965249, -10.723003)

[node name="Mr Helpful Alt" parent="Map/Animatables" unique_id=1309106493 instance=ExtResource("8_1v7pc")]
transform = Transform3D(0.8330951, 0, -0.55312985, 0, 1, 0, 0.55312985, 0, 0.8330951, 4.3998313, 6.5216584, -7.8533325)

[node name="Mrs Helpful Alt" parent="Map/Animatables" unique_id=1900648387 instance=ExtResource("11_xrl45")]
transform = Transform3D(-0.66922134, 0, 0.7430631, 0, 1, 0, -0.7430631, 0, -0.66922134, -7.6123543, 7.779332, 4.7592688)

[node name="Ringmaster Base2" parent="Map/Animatables" unique_id=184148070 instance=ExtResource("8_7ks7s")]
transform = Transform3D(0.83292127, 0, -0.5533915, 0, 1, 0, 0.5533915, 0, 0.83292127, 4.3998313, 6.5216584, -7.8533325)

[node name="Mood Light" type="OmniLight3D" parent="Map/Animatables" unique_id=2075856358]
transform = Transform3D(0.8537498, -0.24125114, -0.4614209, 0.51820177, 0.30726722, 0.79815656, -0.050776653, -0.9205351, 0.3873461, -0.2587161, 10.123907, -1.3114839)
light_color = Color(0.36666667, 1, 0, 1)
light_energy = 0.0
shadow_enabled = true
omni_range = 16.916

[node name="Node" type="Node3D" parent="Map/Animatables/Mood Light" unique_id=1425451671 groups=["L_MOOD"]]
transform = Transform3D(1, 4.0978193e-08, 2.0489097e-08, 7.450581e-09, 1, 5.9604645e-08, -3.7252903e-09, 2.9802322e-08, 1, -2.870522, 0.27061033, 0.2668209)
script = ExtResource("4_prrm5")
canChangeColor = true
energyMultiplier = 1.0
lerp_speed = 10.0
color_lerp_speed = 2.0

[node name="Light Duck" type="SpotLight3D" parent="Map/Animatables" unique_id=1578231398]
transform = Transform3D(0.8537498, -0.24125111, -0.46142086, 0.51820177, 0.30726722, 0.79815656, -0.050776653, -0.9205351, 0.38734606, 2.106216, 12.45596, -1.3114839)
light_color = Color(0.9019608, 0.8901961, 0.972549, 1)
light_energy = 0.0
shadow_enabled = true
spot_range = 30.0
spot_attenuation = 2.0
spot_angle = 11.5872555
spot_angle_attenuation = 2.2973971

[node name="Node" type="Node3D" parent="Map/Animatables/Light Duck" unique_id=1515539342 groups=["L_DUCK"]]
script = ExtResource("4_prrm5")
canChangeColor = true
energyMultiplier = 150.0
lerp_speed = 20.0

[node name="Light Puppy" type="SpotLight3D" parent="Map/Animatables" unique_id=426942985]
transform = Transform3D(-0.7587656, 0.27974468, 0.5882329, 0.6151883, 0.6045438, 0.5060338, -0.21405232, 0.74583495, -0.63080263, 2.840354, 12.45596, -6.6752048)
light_color = Color(0.9019608, 0.8901961, 0.972549, 1)
light_energy = 0.0
shadow_enabled = true
spot_range = 30.0
spot_attenuation = 2.0
spot_angle = 11.5872555
spot_angle_attenuation = 2.2973971

[node name="Node" type="Node3D" parent="Map/Animatables/Light Puppy" unique_id=1284224305 groups=["L_PUPPY_SPOT"]]
script = ExtResource("4_prrm5")
canChangeColor = true
energyMultiplier = 250.0
lerp_speed = 20.0

[node name="Light Helpful" type="SpotLight3D" parent="Map/Animatables" unique_id=526652825]
transform = Transform3D(-0.9983418, 0.057564043, 0, -0.029733745, -0.5156768, 0.8562671, 0.049290195, 0.85484725, 0.5165333, -0.604, 12.456, -3.804)
light_color = Color(0.9019608, 0.8901961, 0.972549, 1)
light_energy = 0.0
shadow_enabled = true
spot_range = 30.0
spot_attenuation = 2.0
spot_angle = 14.95
spot_angle_attenuation = 0.59460473

[node name="Node" type="Node3D" parent="Map/Animatables/Light Helpful" unique_id=470018532 groups=["L_MRHELP_SPOT"]]
script = ExtResource("4_prrm5")
canChangeColor = true
energyMultiplier = 450.0
lerp_speed = 20.0

[node name="Light Puppy2" type="SpotLight3D" parent="Map/Animatables" unique_id=1645117922]
transform = Transform3D(-0.7628397, 0.6283799, 0.15236259, 0.56619745, 0.5353917, 0.6267186, 0.31224367, 0.5643531, -0.76420516, -6.6125402, 12.45596, -6.6752048)
light_color = Color(0.6158441, 0.41234547, 0.9511346, 1)
light_energy = 0.0
shadow_enabled = true
spot_range = 30.0
spot_attenuation = 2.0
spot_angle = 12.62
spot_angle_attenuation = 2.2973971

[node name="Node" type="Node3D" parent="Map/Animatables/Light Puppy2" unique_id=403304687 groups=["L_PUPPY_CLR_B"]]
script = ExtResource("4_prrm5")
canChangeColor = true
energyMultiplier = 320.0

[node name="Light Puppy3" type="SpotLight3D" parent="Map/Animatables" unique_id=1055210541]
transform = Transform3D(-0.18034317, -0.2552727, 0.94990116, 0.5173919, 0.7967136, 0.31233492, -0.83652985, 0.5477986, -0.011605831, 2.840354, 7.037242, 6.115527)
light_color = Color(0.43137255, 0.84313726, 0.98039216, 1)
light_energy = 0.0
shadow_enabled = true
spot_range = 30.0
spot_attenuation = 2.0
spot_angle = 17.92
spot_angle_attenuation = 2.1435475

[node name="Node" type="Node3D" parent="Map/Animatables/Light Puppy3" unique_id=2040878018 groups=["L_PUPPY_CLR_A"]]
script = ExtResource("4_prrm5")
canChangeColor = true
energyMultiplier = 320.0

[node name="Light Lion" type="SpotLight3D" parent="Map/Animatables" unique_id=1856052350]
transform = Transform3D(0.8054557, 0.17469493, -0.5663242, 0.50279164, 0.3044615, 0.80901414, 0.3137545, -0.9363679, 0.15739512, -0.5579281, 12.45596, -1.3114839)
light_color = Color(0.9019608, 0.8901961, 0.972549, 1)
light_energy = 0.0
shadow_enabled = true
spot_range = 30.0
spot_attenuation = 2.0
spot_angle = 11.5872555
spot_angle_attenuation = 2.2973971

[node name="Node" type="Node3D" parent="Map/Animatables/Light Lion" unique_id=326012535 groups=["L_LION"]]
script = ExtResource("4_prrm5")
canChangeColor = true
energyMultiplier = 150.0
lerp_speed = 20.0

[node name="Light Lion2" type="SpotLight3D" parent="Map/Animatables" unique_id=1072464972]
transform = Transform3D(0.34871724, -0.63245136, -0.69166565, 0.90087724, 0.022652242, 0.43348247, -0.25848883, -0.77426887, 0.5776603, 4.2292924, 12.45596, -1.3114839)
light_color = Color(0.9019608, 0.8901961, 0.972549, 1)
light_energy = 0.0
shadow_enabled = true
spot_range = 14.519
spot_attenuation = 2.0
spot_angle = 15.21
spot_angle_attenuation = 2.2973971

[node name="Node" type="Node3D" parent="Map/Animatables/Light Lion2" unique_id=45459872 groups=["L_CART"]]
script = ExtResource("4_prrm5")
canChangeColor = true
energyMultiplier = 150.0
lerp_speed = 20.0

[node name="Light Cart" type="SpotLight3D" parent="Map/Animatables" unique_id=1457343098]
transform = Transform3D(0.662153, -0.19211505, -0.72432405, 0.7397643, 0.32183853, 0.59090525, 0.11959359, -0.9270986, 0.35522616, -0.5579281, 12.45596, 4.259493)
light_color = Color(0.9019608, 0.8901961, 0.972549, 1)
light_energy = 0.0
shadow_enabled = true
spot_range = 30.0
spot_attenuation = 2.0
spot_angle = 15.995925
spot_angle_attenuation = 2.2973971

[node name="Node" type="Node3D" parent="Map/Animatables/Light Cart" unique_id=706429363 groups=["L_MICE"]]
script = ExtResource("4_prrm5")
canChangeColor = true
lerp_speed = 20.0

[node name="Map Mesh & Collision" type="Node" parent="Map" unique_id=807558692]

[node name="Welcome Show" parent="Map/Map Mesh & Collision" unique_id=1597004218 instance=ExtResource("3_k1maa")]
transform = Transform3D(-6.9938224e-08, 0, -1.6, 0, 1.6, 0, 1.6, 0, -6.9938224e-08, -93.76305, 0.24, -123.42261)

[node name="OmniLight3D" type="OmniLight3D" parent="Map/Map Mesh & Collision" unique_id=658965715]
transform = Transform3D(1, 0, 0, 0, 1, 0, 0, 0, 1, 0, 11.767138, -3.147664)
light_color = Color(0.972549, 1, 0.92156863, 1)
light_energy = 0.3
shadow_enabled = true
omni_range = 40.0

[node name="OmniLight3D2" type="OmniLight3D" parent="Map/Map Mesh & Collision" unique_id=1333379803]
transform = Transform3D(1, 0, 0, 0, 1, 0, 0, 0, 1, 0, 21.094921, -14.731867)
light_color = Color(0.972549, 1, 0.92156863, 1)
light_energy = 0.5
shadow_enabled = true
omni_range = 40.0

[node name="StaticBody3D" type="StaticBody3D" parent="Map/Map Mesh & Collision" unique_id=749743399]

[node name="CollisionShape3D" type="CollisionShape3D" parent="Map/Map Mesh & Collision/StaticBody3D" unique_id=873758726]
transform = Transform3D(1, 0, 0, 0, 1, 0, 0, 0, 1, 1.687439, 7.3192997, 8.780426)
shape = SubResource("BoxShape3D_ou855")

[node name="CollisionShape3D2" type="CollisionShape3D" parent="Map/Map Mesh & Collision/StaticBody3D" unique_id=1456077808]
transform = Transform3D(1, 0, 0, 0, 1, 0, 0, 0, 1, -0.76100826, 15.112684, 1.827867)
shape = SubResource("BoxShape3D_qdg1u")

[node name="CollisionShape3D3" type="CollisionShape3D" parent="Map/Map Mesh & Collision/StaticBody3D" unique_id=1865317562]
transform = Transform3D(1, 0, 0, 0, 1, 0, 0, 0, 1, -0.76100826, 15.158712, -7.3030963)
shape = SubResource("BoxShape3D_1v7pc")

[node name="CollisionShape3D4" type="CollisionShape3D" parent="Map/Map Mesh & Collision/StaticBody3D" unique_id=453943438]
transform = Transform3D(1, 0, 0, 0, 1, 0, 0, 0, 1, -6.0737267, 15.158712, -2.799508)
shape = SubResource("BoxShape3D_cjgw4")

[node name="CollisionShape3D5" type="CollisionShape3D" parent="Map/Map Mesh & Collision/StaticBody3D" unique_id=117193002]
transform = Transform3D(1, 0, 0, 0, 1, 0, 0, 0, 1, 4.5106354, 15.158712, -2.799508)
shape = SubResource("BoxShape3D_cjgw4")

[node name="CollisionShape3D6" type="CollisionShape3D" parent="Map/Map Mesh & Collision/StaticBody3D" unique_id=2115691101]
transform = Transform3D(1, 0, 0, 0, 1, 0, 0, 0, 1, 9.007132, 15.158712, -5.90944)
shape = SubResource("BoxShape3D_6f5je")

[node name="CollisionShape3D7" type="CollisionShape3D" parent="Map/Map Mesh & Collision/StaticBody3D" unique_id=440383576]
transform = Transform3D(1, 0, 0, 0, 1, 0, 0, 0, 1, 9.007132, 15.158712, 0.42242908)
shape = SubResource("BoxShape3D_6f5je")

[node name="CollisionShape3D8" type="CollisionShape3D" parent="Map/Map Mesh & Collision/StaticBody3D" unique_id=608710681]
transform = Transform3D(1, 0, 0, 0, 1, 0, 0, 0, 1, -10.585502, 15.158712, -5.90944)
shape = SubResource("BoxShape3D_6f5je")

[node name="CollisionShape3D9" type="CollisionShape3D" parent="Map/Map Mesh & Collision/StaticBody3D" unique_id=664863789]
transform = Transform3D(1, 0, 0, 0, 1, 0, 0, 0, 1, -10.585502, 15.158712, 0.42242908)
shape = SubResource("BoxShape3D_6f5je")

[node name="CollisionShape3D10" type="CollisionShape3D" parent="Map/Map Mesh & Collision/StaticBody3D" unique_id=510530893]
transform = Transform3D(1, 0, 0, 0, 1, 0, 0, 0, 1, -0.74584484, 16.44803, -10.362891)
shape = SubResource("BoxShape3D_7ks7s")
